LOC 6
000006 000167 READNUMADDR: Data READNUM
000007 000227 PARSEADDR:   Data PARSE
000010 000174 RDCHARADDR:  Data RDCHAR
000011 000221 RDDONEADDR:  Data RDDONE
000012 000245 POSITADDR:   Data POSIT
000013 000272 PR1ADDR:     Data PR1
000014 000267 PR2ADDR:     Data PR2
000015 000164 POSITIVEADDR:Data POSITIVE
000016 077777 MAXVAL:      Data 32767
000017 000060 DIGIT0:      Data 48
000020 000056 PERIOD:      Data 46
000021 000055 MINUS:       Data 45
000022 000000 NUMVAL:      Data 0
000023 000000 RESULT:      Data 0
000024 000000 MINDIFF:     Data 0
000025 000000 CLOSEST:     Data 0
000026 000062 HIGHMEMADDR: Data HIGHMEM
000027 000106 ARRAYADDR:   Data ARRAY
000030 000000 TEMPX1:       Data 0 ;use this mostly for subroutines
000031 000000 TEMPX2:       Data 0 ;use this mostly for ARRAY
000032 000000 TEMPX3:       Data 0 ;use this mostly for HIGHNUM
LOC 50
000062 000000 GUESS:       Data 0
LOC 70
000106 000000 ARRAY:    Data 0
LOC 100
000144 102106 LDX 1 6
000145 030100 JSR 1 0
000146 002023 LDR 0 0 19
000147 102227 LDX 2 23
000150 004200 STR 0 2 0
000151 102106 LDX 1 6
000152 030100 JSR 1 0
000153 002023 LDR 0 0 19
000154 102326 LDX 3 22
000155 004300 STR 0 3 0
000156 002200 LDR 0 2 0
000157 012300 SMR 0 3 0
000160 004301 STR 0 3 1
000161 036015 JGE 0 0 13
000162 172000 NOT 0
000163 014001 AIR 0 1
000164 102107 LDX 1 7
000165 030100 JSR 1 0
000166 000000 HLT
000167 104130 STX 1 24
000170 104231 STX 2 25
000171 104332 STX 3 26
000172 002000 LDR 0 0 0
000173 004022 STR 0 0 18
000174 142400 IN 1 0
000175 003020 LDR 2 0 16
000176 164600 TRR 1 2
000177 102111 LDX 1 9
000200 025500 JCC 3 1 0
000201 003017 LDR 2 0 15
000202 012417 SMR 1 0 15
000203 102326 LDX 3 22
000204 004702 STR 1 3 2
000205 002022 LDR 0 0 18
000206 003022 LDR 2 0 18
000207 062303 SRC 0 3 1 1
000210 004303 STR 0 3 3
000211 063301 SRC 2 1 1 1
000212 005304 STR 2 3 4
000213 002303 LDR 0 3 3
000214 010304 AMR 0 3 4
000215 010302 AMR 0 3 2
000216 004022 STR 0 0 18
000217 102310 LDX 3 8
000220 026300 JMA 3 0
000221 002022 LDR 0 0 18
000222 004023 STR 0 0 19
000223 102130 LDX 1 24
000224 102231 LDX 2 25
000225 102332 LDX 3 26
000226 032000 RFS 0
000227 104130 STX 1 24
000230 104231 STX 2 25
000231 104332 STX 3 26
000232 002400 LDR 1 0 0
000233 164100 TRR 0 1
000234 102113 LDX 1 11
000235 020100 JZ 0 1 0
000236 002400 LDR 1 0 0
000237 102112 LDX 1 10
000240 036100 JGE 0 1 0
000241 002421 LDR 1 0 17
000242 144401 OUT 1 1
000243 172000 NOT 0
000244 014001 AIR 0 1
000245 003012 LDR 2 0 10
000246 162200 DVD 0 2
000247 102226 LDX 2 22
000250 004602 STR 1 2 2
000251 002400 LDR 1 0 0
000252 164100 TRR 0 1
000253 102113 LDX 1 11
000254 020100 JZ 0 1 0
000255 162200 DVD 0 2
000256 004603 STR 1 2 3
000257 002400 LDR 1 0 0
000260 164100 TRR 0 1
000261 102314 LDX 3 12
000262 020300 JZ 0 3 0
000263 004204 STR 0 2 4
000264 002604 LDR 1 2 4
000265 010417 AMR 1 0 15
000266 144401 OUT 1 1
000267 002603 LDR 1 2 3
000270 010417 AMR 1 0 15
000271 144401 OUT 1 1
000272 002602 LDR 1 2 2
000273 010417 AMR 1 0 15
000274 144401 OUT 1 1
000275 102130 LDX 1 24
000276 102231 LDX 2 25
000277 102332 LDX 3 26
000300 032000 RFS 0
