000006 000200
000007 000000
000010 000001
000011 000012
000012 000040
000013 000400
000014 000140
000015 000160
000016 000000
000017 000000
000020 000000
000040 000000
000140 000012
000141 000105
000142 000116
000143 000124
000144 000105
000145 000122
000146 000040
000147 000101
000150 000040
000151 000127
000152 000117
000153 000122
000154 000104
000155 000072
000156 000012
000157 000000
000160 000000
000200 002013
000201 002020
000202 002031
000203 002037
000204 002043
000205 002054
000206 002060
000207 002065
000210 002104
000400 000000
002000 102106
002001 030140
002002 102106
002003 102213
002004 030143
002005 102106
002006 102214
002007 030143
002010 102106
002011 030146
002012 000000
002013 104116
002014 104217
002015 104320
002016 102106
002017 102213
002020 142402
002021 020542
002022 004600
002023 104217
002024 002017
002025 014001
002026 004017
002027 102217
002030 026141
002031 002007
002032 004200
002033 102116
002034 102217
002035 102320
002036 032000
002037 104116
002040 104217
002041 104320
002042 102106
002043 002200
002044 020145
002045 144001
002046 104217
002047 002017
002050 014001
002051 004017
002052 102217
002053 026144
002054 102116
002055 102217
002056 102320
002057 032000
002060 104116
002061 104217
002062 104320
002063 102106
002064 102215
002065 142400
002066 003011
002067 164600
002070 025550
002071 003007
002072 015015
002073 164600
002074 025550
002075 004600
002076 104217
002077 002017
002100 014001
002101 004017
002102 102217
002103 026147
002104 002007
002105 004200
002106 102116
002107 102217
002110 102320
002111 032000
002112 104116
002113 104217
002114 104320
002115 102116
002116 102217
002117 102320
002120 032000
